      0.00      -3.00
      0.10      -0.56
      0.20      -0.54
      0.30      -0.53
      0.40      -0.51
      0.50      -0.49
      0.60      -0.47
      0.70      -0.45
      0.80      -0.42
      0.90      -0.40
      1.00      -0.37
      1.10      -0.34
      1.20      -0.31
      1.30      -0.28
      1.40      -0.25
      1.50      -0.22
      1.60      -0.19
      1.70      -0.16
      1.80      -0.13
      1.90      -0.11
      2.00      -0.08
      2.10      -0.06
      2.20      -0.04
      2.30      -0.02
      2.40      -0.00
      2.50       0.01
      2.60       0.02
      2.70       0.02
      2.80       0.03
      2.90       0.02
      3.00       0.02
      3.10       0.01
      3.20       0.00
      3.30      -0.01
      3.40      -0.03
      3.50      -0.05
      3.60      -0.07
      3.70      -0.09
      3.80      -0.12
      3.90      -0.15
      4.00      -0.18
      4.10      -0.21
      4.20      -0.24
      4.30      -0.27
      4.40      -0.31
      4.50      -0.34
      4.60      -0.37
      4.70      -0.41
      4.80      -0.44
      4.90      -0.47
      5.00      -0.50
      5.10      -0.53
      5.20      -0.55
      5.30      -0.58
      5.40      -0.60
      5.50      -0.61
      5.60      -0.63
      5.70      -0.64
      5.80      -0.65
      5.90      -0.65
      6.00      -0.65
      6.10      -0.65
      6.20      -0.65
      6.30      -0.64
      6.40      -0.63
      6.50      -0.61
      6.60      -0.60
      6.70      -0.58
      6.80      -0.55
      6.90      -0.53
      7.00      -0.50
      7.10      -0.47
      7.20      -0.44
      7.30      -0.41
      7.40      -0.38
      7.50      -0.35
      7.60      -0.31
      7.70      -0.28
      7.80      -0.25
      7.90      -0.21
      8.00      -0.18
      8.10      -0.15
      8.20      -0.13
      8.30      -0.10
      8.40      -0.08
      8.50      -0.06
      8.60      -0.04
      8.70      -0.02
      8.80      -0.01
      8.90       0.00
      9.00       0.01
      9.10       0.01
      9.20       0.01
      9.30       0.01
      9.40      -0.00
      9.50      -0.01
      9.60      -0.02
      9.70      -0.04
      9.80      -0.06
      9.90      -0.08
     10.00      -0.11
     10.10      -0.13
     10.20      -0.16
     10.30      -0.19
     10.40      -0.22
     10.50      -0.25
     10.60      -0.29
     10.70      -0.32
     10.80      -0.35
     10.90      -0.39
     11.00      -0.42
     11.10      -0.45
     11.20      -0.48
     11.30      -0.51
     11.40      -0.54
     11.50      -0.56
     11.60      -0.58
     11.70      -0.60
     11.80      -0.62
     11.90      -0.63
     12.00      -0.64
     12.10      -0.65
     12.20      -0.66
     12.30      -0.66
     12.40      -0.66
     12.50      -0.65
     12.60      -0.64
     12.70      -0.63
     12.80      -0.61
     12.90      -0.60
     13.00      -0.58
     13.10      -0.55
     13.20      -0.53
     13.30      -0.50
     13.40      -0.47
     13.50      -0.44
     13.60      -0.41
     13.70      -0.38
     13.80      -0.34
     13.90      -0.31
     14.00      -0.28
     14.10      -0.24
     14.20      -0.21
     14.30      -0.18
     14.40      -0.15
     14.50      -0.12
     14.60      -0.10
     14.70      -0.07
     14.80      -0.05
     14.90      -0.03
     15.00      -0.02
     15.10      -0.01
     15.20       0.00
     15.30       0.01
     15.40       0.01
     15.50       0.01
     15.60       0.00
     15.70      -0.00
     15.80      -0.01
     15.90      -0.03
