10 30
0.000000000000000e+00 -3.061616997868383e-16 0.000000000000000e+00
3.122449042958197e-04 1.742833606131530e-01 0.000000000000000e+00
1.225395005251202e-03 3.485645864216538e-01 0.000000000000000e+00
2.742480120242935e-03 5.228415926675833e-01 0.000000000000000e+00
4.868458417630440e-03 6.971122406344060e-01 0.000000000000000e+00
7.615373232594942e-03 8.713742209666170e-01 0.000000000000000e+00
1.101250024902175e-02 1.045624731436758e+00 0.000000000000000e+00
1.504824909771673e-02 1.219861596110794e+00 0.000000000000000e+00
1.973668981648865e-02 1.394082117981005e+00 0.000000000000000e+00
2.510860668035805e-02 1.568282907297309e+00 0.000000000000000e+00
3.119859756367171e-02 1.742460057897146e+00 0.000000000000000e+00
3.800489692543055e-02 1.916610670660892e+00 0.000000000000000e+00
4.558011171624773e-02 2.090729516938333e+00 0.000000000000000e+00
5.396394790412389e-02 2.264811287428547e+00 0.000000000000000e+00
6.318064718081659e-02 2.438850923098784e+00 0.000000000000000e+00
7.331750740727029e-02 2.612839375633898e+00 0.000000000000000e+00
8.440957343615620e-02 2.786769472424834e+00 0.000000000000000e+00
9.653825932450190e-02 2.960630366676233e+00 0.000000000000000e+00
1.098292817470972e-01 3.134406196075687e+00 0.000000000000000e+00
1.243701177943883e-01 3.308081762985221e+00 0.000000000000000e+00
1.403155441829786e-01 3.481633866614910e+00 0.000000000000000e+00
1.578573070037274e-01 3.655031716475517e+00 0.000000000000000e+00
1.772358072797360e-01 3.828233728504735e+00 0.000000000000000e+00
1.988499484802555e-01 4.001170483853983e+00 0.000000000000000e+00
2.231294664879296e-01 4.173752243013721e+00 0.000000000000000e+00
2.508639452956227e-01 4.345810854053877e+00 0.000000000000000e+00
2.832543725849965e-01 4.517050194034192e+00 0.000000000000000e+00
3.227312411465970e-01 4.686782972090843e+00 0.000000000000000e+00
3.748973728247391e-01 4.852982552420382e+00 0.000000000000000e+00
4.646446609406726e-01 5.000000000000000e+00 0.000000000000000e+00
1.111111111111111e-01 -3.061616997868383e-16 0.000000000000000e+00
1.113539682588967e-01 1.742833606131530e-01 0.000000000000000e+00
1.120641961151954e-01 3.485645864216539e-01 0.000000000000000e+00
1.132441512046334e-01 5.228415926675838e-01 0.000000000000000e+00
1.148976898803793e-01 6.971122406344058e-01 0.000000000000000e+00
1.170341791809073e-01 8.713742209666172e-01 0.000000000000000e+00
1.196763890825727e-01 1.045624731436758e+00 0.000000000000000e+00
1.228153048537799e-01 1.219861596110794e+00 0.000000000000000e+00
1.264618698572692e-01 1.394082117981005e+00 0.000000000000000e+00
1.306400274180565e-01 1.568282907297309e+00 0.000000000000000e+00
1.353766869939672e-01 1.742460057897147e+00 0.000000000000000e+00
1.406704753864464e-01 1.916610670660892e+00 0.000000000000000e+00
1.465623091126376e-01 2.090729516938334e+00 0.000000000000000e+00
1.530830705920969e-01 2.264811287428547e+00 0.000000000000000e+00
1.602516144739691e-01 2.438850923098784e+00 0.000000000000000e+00
1.681358390945443e-01 2.612839375633898e+00 0.000000000000000e+00
1.767630015614556e-01 2.786769472424834e+00 0.000000000000000e+00
1.861964239190578e-01 2.960630366676233e+00 0.000000000000000e+00
1.965338858032988e-01 3.134406196075687e+00 0.000000000000000e+00
2.078434249511918e-01 3.308081762985221e+00 0.000000000000000e+00
2.202454232534288e-01 3.481633866614910e+00 0.000000000000000e+00
2.338890165584556e-01 3.655031716475517e+00 0.000000000000000e+00
2.489611834397957e-01 3.828233728504735e+00 0.000000000000000e+00
2.657721821513109e-01 4.001170483853983e+00 0.000000000000000e+00
2.846562517128352e-01 4.173752243013721e+00 0.000000000000000e+00
3.062275130077076e-01 4.345810854053878e+00 0.000000000000000e+00
3.314200675661093e-01 4.517050194034193e+00 0.000000000000000e+00
3.621242986695763e-01 4.686782972090842e+00 0.000000000000000e+00
4.026979566414645e-01 4.852982552420384e+00 0.000000000000000e+00
4.725014029538567e-01 5.000000000000000e+00 0.000000000000000e+00
2.222222222222222e-01 -3.061616997868383e-16 0.000000000000000e+00
2.223956916134976e-01 1.742833606131530e-01 0.000000000000000e+00
2.229029972251396e-01 3.485645864216542e-01 0.000000000000000e+00
2.237458222890240e-01 5.228415926675841e-01 0.000000000000000e+00
2.249269213431282e-01 6.971122406344057e-01 0.000000000000000e+00
2.264529851292196e-01 8.713742209666173e-01 0.000000000000000e+00
2.283402779161235e-01 1.045624731436758e+00 0.000000000000000e+00
2.305823606098431e-01 1.219861596110794e+00 0.000000000000000e+00
2.331870498980498e-01 1.394082117981005e+00 0.000000000000000e+00
2.361714481557551e-01 1.568282907297310e+00 0.000000000000000e+00
2.395547764242628e-01 1.742460057897147e+00 0.000000000000000e+00
2.433360538474623e-01 1.916610670660891e+00 0.000000000000000e+00
2.475445065090274e-01 2.090729516938334e+00 0.000000000000000e+00
2.522021932800700e-01 2.264811287428547e+00 0.000000000000000e+00
2.573225817671216e-01 2.438850923098784e+00 0.000000000000000e+00
2.629541707818183e-01 2.612839375633899e+00 0.000000000000000e+00
2.691164296867550e-01 2.786769472424833e+00 0.000000000000000e+00
2.758545885136138e-01 2.960630366676233e+00 0.000000000000000e+00
2.832384898595001e-01 3.134406196075687e+00 0.000000000000000e+00
2.913167321079954e-01 3.308081762985221e+00 0.000000000000000e+00
3.001753023238790e-01 3.481633866614910e+00 0.000000000000000e+00
3.099207261131839e-01 3.655031716475517e+00 0.000000000000000e+00
3.206865595998555e-01 3.828233728504735e+00 0.000000000000000e+00
3.326944158223665e-01 4.001170483853983e+00 0.000000000000000e+00
3.461830369377409e-01 4.173752243013721e+00 0.000000000000000e+00
3.615910807197925e-01 4.345810854053878e+00 0.000000000000000e+00
3.795857625472223e-01 4.517050194034193e+00 0.000000000000000e+00
4.015173561925557e-01 4.686782972090843e+00 0.000000000000000e+00
4.304985404581898e-01 4.852982552420382e+00 0.000000000000000e+00
4.803581449670408e-01 5.000000000000000e+00 0.000000000000000e+00
3.333333333333333e-01 -3.061616997868384e-16 0.000000000000000e+00
3.334374149680986e-01 1.742833606131530e-01 0.000000000000000e+00
3.337417983350839e-01 3.485645864216544e-01 0.000000000000000e+00
3.342474933734144e-01 5.228415926675846e-01 0.000000000000000e+00
3.349561528058770e-01 6.971122406344056e-01 0.000000000000000e+00
3.358717910775320e-01 8.713742209666173e-01 0.000000000000000e+00
3.370041667496743e-01 1.045624731436758e+00 0.000000000000000e+00
3.383494163659063e-01 1.219861596110794e+00 0.000000000000000e+00
3.399122299388303e-01 1.394082117981005e+00 0.000000000000000e+00
3.417028688934536e-01 1.568282907297310e+00 0.000000000000000e+00
3.437328658545583e-01 1.742460057897148e+00 0.000000000000000e+00
3.460016323084780e-01 1.916610670660891e+00 0.000000000000000e+00
3.485267039054173e-01 2.090729516938335e+00 0.000000000000000e+00
3.513213159680431e-01 2.264811287428547e+00 0.000000000000000e+00
3.543935490602742e-01 2.438850923098784e+00 0.000000000000000e+00
3.577725024690923e-01 2.612839375633897e+00 0.000000000000000e+00
3.614698578120545e-01 2.786769472424833e+00 0.000000000000000e+00
3.655127531081698e-01 2.960630366676232e+00 0.000000000000000e+00
3.699430939157016e-01 3.134406196075687e+00 0.000000000000000e+00
3.747900392647990e-01 3.308081762985220e+00 0.000000000000000e+00
3.801051813943292e-01 3.481633866614910e+00 0.000000000000000e+00
3.859524356679123e-01 3.655031716475517e+00 0.000000000000000e+00
3.924119357599151e-01 3.828233728504735e+00 0.000000000000000e+00
3.996166494934218e-01 4.001170483853982e+00 0.000000000000000e+00
4.077098221626465e-01 4.173752243013721e+00 0.000000000000000e+00
4.169546484318774e-01 4.345810854053878e+00 0.000000000000000e+00
4.277514575283353e-01 4.517050194034192e+00 0.000000000000000e+00
4.409104137155351e-01 4.686782972090842e+00 0.000000000000000e+00
4.582991242749152e-01 4.852982552420382e+00 0.000000000000000e+00
4.882148869802249e-01 5.000000000000000e+00 0.000000000000000e+00
4.444444444444444e-01 -3.061616997868383e-16 0.000000000000000e+00
4.444791383226995e-01 1.742833606131530e-01 0.000000000000000e+00
4.445805994450280e-01 3.485645864216546e-01 0.000000000000000e+00
4.447491644578050e-01 5.228415926675849e-01 0.000000000000000e+00
4.449853842686259e-01 6.971122406344052e-01 0.000000000000000e+00
4.452905970258444e-01 8.713742209666173e-01 0.000000000000000e+00
4.456680555832253e-01 1.045624731436757e+00 0.000000000000000e+00
4.461164721219692e-01 1.219861596110793e+00 0.000000000000000e+00
4.466374099796107e-01 1.394082117981006e+00 0.000000000000000e+00
4.472342896311521e-01 1.568282907297311e+00 0.000000000000000e+00
4.479109552848537e-01 1.742460057897148e+00 0.000000000000000e+00
4.486672107694939e-01 1.916610670660891e+00 0.000000000000000e+00
4.495089013018072e-01 2.090729516938335e+00 0.000000000000000e+00
4.504404386560159e-01 2.264811287428547e+00 0.000000000000000e+00
4.514645163534264e-01 2.438850923098784e+00 0.000000000000000e+00
4.525908341563660e-01 2.612839375633897e+00 0.000000000000000e+00
4.538232859373535e-01 2.786769472424832e+00 0.000000000000000e+00
4.551709177027254e-01 2.960630366676233e+00 0.000000000000000e+00
4.566476979719030e-01 3.134406196075687e+00 0.000000000000000e+00
4.582633464216023e-01 3.308081762985219e+00 0.000000000000000e+00
4.600350604647792e-01 3.481633866614909e+00 0.000000000000000e+00
4.619841452226403e-01 3.655031716475517e+00 0.000000000000000e+00
4.641373119199746e-01 3.828233728504735e+00 0.000000000000000e+00
4.665388831644771e-01 4.001170483853982e+00 0.000000000000000e+00
4.692366073875519e-01 4.173752243013721e+00 0.000000000000000e+00
4.723182161439619e-01 4.345810854053878e+00 0.000000000000000e+00
4.759171525094479e-01 4.517050194034190e+00 0.000000000000000e+00
4.803034712385142e-01 4.686782972090842e+00 0.000000000000000e+00
4.860997080916404e-01 4.852982552420382e+00 0.000000000000000e+00
4.960716289934089e-01 5.000000000000000e+00 0.000000000000000e+00
5.555555555555556e-01 -3.061616997868383e-16 0.000000000000000e+00
5.555208616773004e-01 1.742833606131530e-01 0.000000000000000e+00
5.554194005549720e-01 3.485645864216547e-01 0.000000000000000e+00
5.552508355421950e-01 5.228415926675853e-01 0.000000000000000e+00
5.550146157313742e-01 6.971122406344050e-01 0.000000000000000e+00
5.547094029741556e-01 8.713742209666174e-01 0.000000000000000e+00
5.543319444167747e-01 1.045624731436757e+00 0.000000000000000e+00
5.538835278780307e-01 1.219861596110793e+00 0.000000000000000e+00
5.533625900203893e-01 1.394082117981006e+00 0.000000000000000e+00
5.527657103688479e-01 1.568282907297311e+00 0.000000000000000e+00
5.520890447151461e-01 1.742460057897149e+00 0.000000000000000e+00
5.513327892305061e-01 1.916610670660891e+00 0.000000000000000e+00
5.504910986981927e-01 2.090729516938335e+00 0.000000000000000e+00
5.495595613439841e-01 2.264811287428546e+00 0.000000000000000e+00
5.485354836465735e-01 2.438850923098784e+00 0.000000000000000e+00
5.474091658436342e-01 2.612839375633897e+00 0.000000000000000e+00
5.461767140626466e-01 2.786769472424833e+00 0.000000000000000e+00
5.448290822972741e-01 2.960630366676232e+00 0.000000000000000e+00
5.433523020280968e-01 3.134406196075687e+00 0.000000000000000e+00
5.417366535783976e-01 3.308081762985219e+00 0.000000000000000e+00
5.399649395352207e-01 3.481633866614909e+00 0.000000000000000e+00
5.380158547773596e-01 3.655031716475517e+00 0.000000000000000e+00
5.358626880800250e-01 3.828233728504736e+00 0.000000000000000e+00
5.334611168355230e-01 4.001170483853982e+00 0.000000000000000e+00
5.307633926124481e-01 4.173752243013721e+00 0.000000000000000e+00
5.276817838560376e-01 4.345810854053878e+00 0.000000000000000e+00
5.240828474905520e-01 4.517050194034190e+00 0.000000000000000e+00
5.196965287614858e-01 4.686782972090842e+00 0.000000000000000e+00
5.139002919083597e-01 4.852982552420382e+00 0.000000000000000e+00
5.039283710065909e-01 5.000000000000000e+00 0.000000000000000e+00
6.666666666666666e-01 -3.061616997868383e-16 0.000000000000000e+00
6.665625850319014e-01 1.742833606131530e-01 0.000000000000000e+00
6.662582016649162e-01 3.485645864216549e-01 0.000000000000000e+00
6.657525066265856e-01 5.228415926675859e-01 0.000000000000000e+00
6.650438471941230e-01 6.971122406344051e-01 0.000000000000000e+00
6.641282089224679e-01 8.713742209666174e-01 0.000000000000000e+00
6.629958332503254e-01 1.045624731436758e+00 0.000000000000000e+00
6.616505836340940e-01 1.219861596110793e+00 0.000000000000000e+00
6.600877700611696e-01 1.394082117981006e+00 0.000000000000000e+00
6.582971311065462e-01 1.568282907297312e+00 0.000000000000000e+00
6.562671341454417e-01 1.742460057897149e+00 0.000000000000000e+00
6.539983676915221e-01 1.916610670660891e+00 0.000000000000000e+00
6.514732960945826e-01 2.090729516938337e+00 0.000000000000000e+00
6.486786840319572e-01 2.264811287428546e+00 0.000000000000000e+00
6.456064509397258e-01 2.438850923098784e+00 0.000000000000000e+00
6.422274975309079e-01 2.612839375633897e+00 0.000000000000000e+00
6.385301421879458e-01 2.786769472424831e+00 0.000000000000000e+00
6.344872468918303e-01 2.960630366676232e+00 0.000000000000000e+00
6.300569060842982e-01 3.134406196075687e+00 0.000000000000000e+00
6.252099607352013e-01 3.308081762985219e+00 0.000000000000000e+00
6.198948186056710e-01 3.481633866614909e+00 0.000000000000000e+00
6.140475643320878e-01 3.655031716475517e+00 0.000000000000000e+00
6.075880642400846e-01 3.828233728504736e+00 0.000000000000000e+00
6.003833505065783e-01 4.001170483853982e+00 0.000000000000000e+00
5.922901778373538e-01 4.173752243013721e+00 0.000000000000000e+00
5.830453515681225e-01 4.345810854053878e+00 0.000000000000000e+00
5.722485424716650e-01 4.517050194034190e+00 0.000000000000000e+00
5.590895862844651e-01 4.686782972090842e+00 0.000000000000000e+00
5.417008757250852e-01 4.852982552420382e+00 0.000000000000000e+00
5.117851130197750e-01 5.000000000000000e+00 0.000000000000000e+00
7.777777777777777e-01 -3.061616997868383e-16 0.000000000000000e+00
7.776043083865023e-01 1.742833606131530e-01 0.000000000000000e+00
7.770970027748605e-01 3.485645864216552e-01 0.000000000000000e+00
7.762541777109760e-01 5.228415926675861e-01 0.000000000000000e+00
7.750730786568719e-01 6.971122406344049e-01 0.000000000000000e+00
7.735470148707801e-01 8.713742209666178e-01 0.000000000000000e+00
7.716597220838763e-01 1.045624731436757e+00 0.000000000000000e+00
7.694176393901571e-01 1.219861596110793e+00 0.000000000000000e+00
7.668129501019501e-01 1.394082117981006e+00 0.000000000000000e+00
7.638285518442447e-01 1.568282907297312e+00 0.000000000000000e+00
7.604452235757371e-01 1.742460057897149e+00 0.000000000000000e+00
7.566639461525376e-01 1.916610670660891e+00 0.000000000000000e+00
7.524554934909723e-01 2.090729516938336e+00 0.000000000000000e+00
7.477978067199299e-01 2.264811287428546e+00 0.000000000000000e+00
7.426774182328786e-01 2.438850923098783e+00 0.000000000000000e+00
7.370458292181818e-01 2.612839375633897e+00 0.000000000000000e+00
7.308835703132450e-01 2.786769472424831e+00 0.000000000000000e+00
7.241454114863862e-01 2.960630366676232e+00 0.000000000000000e+00
7.167615101404998e-01 3.134406196075687e+00 0.000000000000000e+00
7.086832678920045e-01 3.308081762985218e+00 0.000000000000000e+00
6.998246976761213e-01 3.481633866614910e+00 0.000000000000000e+00
6.900792738868162e-01 3.655031716475517e+00 0.000000000000000e+00
6.793134404001444e-01 3.828233728504736e+00 0.000000000000000e+00
6.673055841776339e-01 4.001170483853982e+00 0.000000000000000e+00
6.538169630622594e-01 4.173752243013721e+00 0.000000000000000e+00
6.384089192802076e-01 4.345810854053878e+00 0.000000000000000e+00
6.204142374527777e-01 4.517050194034190e+00 0.000000000000000e+00
5.984826438074444e-01 4.686782972090842e+00 0.000000000000000e+00
5.695014595418104e-01 4.852982552420382e+00 0.000000000000000e+00
5.196418550329591e-01 5.000000000000000e+00 0.000000000000000e+00
8.888888888888888e-01 -3.061616997868383e-16 0.000000000000000e+00
8.886460317411033e-01 1.742833606131530e-01 0.000000000000000e+00
8.879358038848049e-01 3.485645864216553e-01 0.000000000000000e+00
8.867558487953671e-01 5.228415926675865e-01 0.000000000000000e+00
8.851023101196213e-01 6.971122406344046e-01 0.000000000000000e+00
8.829658208190938e-01 8.713742209666178e-01 0.000000000000000e+00
8.803236109174285e-01 1.045624731436757e+00 0.000000000000000e+00
8.771846951462220e-01 1.219861596110792e+00 0.000000000000000e+00
8.735381301427330e-01 1.394082117981007e+00 0.000000000000000e+00
8.693599725819460e-01 1.568282907297313e+00 0.000000000000000e+00
8.646233130060358e-01 1.742460057897150e+00 0.000000000000000e+00
8.593295246135572e-01 1.916610670660891e+00 0.000000000000000e+00
8.534376908873665e-01 2.090729516938338e+00 0.000000000000000e+00
8.469169294079081e-01 2.264811287428546e+00 0.000000000000000e+00
8.397483855260365e-01 2.438850923098783e+00 0.000000000000000e+00
8.318641609054620e-01 2.612839375633897e+00 0.000000000000000e+00
8.232369984385509e-01 2.786769472424830e+00 0.000000000000000e+00
8.138035760809492e-01 2.960630366676233e+00 0.000000000000000e+00
8.034661141967090e-01 3.134406196075687e+00 0.000000000000000e+00
7.921565750488164e-01 3.308081762985219e+00 0.000000000000000e+00
7.797545767465797e-01 3.481633866614909e+00 0.000000000000000e+00
7.661109834415534e-01 3.655031716475517e+00 0.000000000000000e+00
7.510388165602131e-01 3.828233728504736e+00 0.000000000000000e+00
7.342278178486984e-01 4.001170483853981e+00 0.000000000000000e+00
7.153437482871743e-01 4.173752243013720e+00 0.000000000000000e+00
6.937724869923014e-01 4.345810854053878e+00 0.000000000000000e+00
6.685799324338991e-01 4.517050194034190e+00 0.000000000000000e+00
6.378757013304315e-01 4.686782972090842e+00 0.000000000000000e+00
5.973020433585416e-01 4.852982552420382e+00 0.000000000000000e+00
5.274985970461452e-01 5.000000000000000e+00 0.000000000000000e+00
1.000000000000000e+00 -3.061616997868383e-16 0.000000000000000e+00
9.996877550957042e-01 1.742833606131530e-01 0.000000000000000e+00
9.987746049947488e-01 3.485645864216554e-01 0.000000000000000e+00
9.972575198797571e-01 5.228415926675869e-01 0.000000000000000e+00
9.951315415823696e-01 6.971122406344045e-01 0.000000000000000e+00
9.923846267674050e-01 8.713742209666178e-01 0.000000000000000e+00
9.889874997509782e-01 1.045624731436757e+00 0.000000000000000e+00
9.849517509022834e-01 1.219861596110792e+00 0.000000000000000e+00
9.802633101835113e-01 1.394082117981007e+00 0.000000000000000e+00
9.748913933196418e-01 1.568282907297313e+00 0.000000000000000e+00
9.688014024363282e-01 1.742460057897151e+00 0.000000000000000e+00
9.619951030745695e-01 1.916610670660891e+00 0.000000000000000e+00
9.544198882837521e-01 2.090729516938338e+00 0.000000000000000e+00
9.460360520958762e-01 2.264811287428546e+00 0.000000000000000e+00
9.368193528191835e-01 2.438850923098783e+00 0.000000000000000e+00
9.266824925927299e-01 2.612839375633897e+00 0.000000000000000e+00
9.155904265638440e-01 2.786769472424830e+00 0.000000000000000e+00
9.034617406754981e-01 2.960630366676232e+00 0.000000000000000e+00
8.901707182529027e-01 3.134406196075687e+00 0.000000000000000e+00
8.756298822056119e-01 3.308081762985218e+00 0.000000000000000e+00
8.596844558170216e-01 3.481633866614909e+00 0.000000000000000e+00
8.421426929962728e-01 3.655031716475517e+00 0.000000000000000e+00
8.227641927202638e-01 3.828233728504736e+00 0.000000000000000e+00
8.011500515197447e-01 4.001170483853981e+00 0.000000000000000e+00
7.768705335120708e-01 4.173752243013720e+00 0.000000000000000e+00
7.491360547043773e-01 4.345810854053877e+00 0.000000000000000e+00
7.167456274150036e-01 4.517050194034191e+00 0.000000000000000e+00
6.772687588534032e-01 4.686782972090842e+00 0.000000000000000e+00
6.251026271752611e-01 4.852982552420382e+00 0.000000000000000e+00
5.353553390593273e-01 5.000000000000000e+00 0.000000000000000e+00
